2,73
2,72
2,71
2,70
2,69
2,68
2,67
2,66
2,65
2,64
2,35
2,34
2,33
2,32
2,31
2,30
2,29
2,28
2,27
2,26
2,25
2,24
2,23
2,22
2,21
2,20
2,19
2,18
2,17
2,16
2,15
2,14
2,13
2,12
2,11
2,10
2,9
2,8
2,7
2,6
2,5
2,4
175,1
175,3
2,3
175,0
1,9
1,8
1,7
1,6
1,5
1,4
177,83
1,3
0,508
0,487
0,483
0,468
0,458
0,457
0,456
0,451
0,448
0,447
0,445
0,443
0,418
0,411
0,397
0,395
0,384
0,375
0,358
0,342
0,337
0,330
0,329
0,325
177,1
177,3
0,322
0,449
0,243
0,454
0,0
177,0
0,1
0,396
0,9
0,310
0,305
0,440
0,405
0,403
0,484
0,455
0,450
0,446
0,442
0,338
0,463
0,464
0,465
0,453
0,452
0,459
0,460
0,326
0,308
0,304
0,303
0,302
0,307
0,444
0,12
0,357
0,10
0,497
0,8
0,300
0,431
0,299
0,360
0,298
0,362
0,297
0,479
0,296
0,391
0,295
0,365
0,294
0,312
0,293
0,436
0,292
0,318
0,291
0,421
0,290
0,402
0,289
0,316
0,288
0,387
0,287
0,419
0,286
0,372
0,285
0,480
0,284
0,324
0,283
0,416
0,282
0,344
0,281
0,368
0,280
0,435
0,279
0,490
0,278
0,485
0,277
0,432
0,276
0,314
0,275
0,491
0,274
0,474
2,74
2,75
2,77
2,78
2,80
2,81
2,83
2,85
2,86
2,88
2,89
2,91
2,93
2,94
2,96
2,97
2,99
2,100
2,102
2,104
2,105
2,107
2,108
2,110
2,112
2,113
2,115
2,116
2,118
2,119
2,121
2,123
2,128
3,3
3,4
3,6
5,0
5,1
5,4
5,5
5,7
5,9
6,1
6,5
6,6
6,10
6,12
6,14
6,17
6,18
6,21
6,22
7,0
7,4
7,5
7,21
8,0
8,4
8,6
8,23
9,0
9,1
10,0
10,3
11,0
12,0
12,3
13,3
14,1
14,7
15,1
15,5
16,3
16,6
17,1
17,3
17,6
18,0
18,1
19,1
19,3
20,1
21,0
21,4
22,0
22,3
23,0
23,1
23,5
24,3
24,4
24,6
24,9
24,14
25,3
26,1
27,1
28,0
29,0
29,1
30,1
31,3
31,5
32,3
32,4
33,1
34,0
34,3
35,3
35,4
36,1
36,4
37,0
37,4
37,5
38,1
38,6
39,3
39,5
40,1
41,0
41,3
42,0
42,1
42,4
42,8
43,0
43,2
43,3
43,6
43,8
43,9
43,12
43,13
43,16
43,17
44,0
44,4
45,0
45,3
45,4
46,3
47,3
48,0
49,1
49,3
50,3
51,3
52,1
53,1
54,0
55,0
55,3
56,3
56,5
57,0
57,4
57,6
58,3
59,3
59,4
59,6
59,8
59,10
60,0
61,0
62,0
62,3
63,3
64,0
64,5
64,7
64,9
65,0
65,3
65,5
65,9
65,11
65,16
65,17
65,23
65,28
65,34
65,36
65,38
66,1
66,4
66,6
67,3
67,4
68,3
69,1
70,1
70,3
71,1
72,1
72,5
73,3
74,0
75,1
75,4
76,1
77,1
78,0
79,0
79,1
80,1
81,3
82,0
83,0
83,3
84,3
85,3
86,1
87,1
88,0
89,0
89,1
90,3
91,3
92,0
93,0
93,3
94,3
95,1
95,3
97,0
97,1
98,1
99,0
99,4
100,0
100,3
101,0
101,3
102,3
103,3
104,1
105,1
106,0
107,0
108,0
108,1
109,0
109,3
111,0
111,3
111,5
112,1
112,5
113,3
113,5
114,3
114,6
115,1
116,1
117,0
117,4
118,0
119,0
120,0
120,1
120,4
120,5
122,0
123,0
123,1
124,3
125,0
126,0
126,3
127,3
128,1
129,0
129,3
129,5
129,8
130,0
130,3
131,3
132,0
132,3
133,3
134,0
135,1
135,3
136,3
136,4
137,4
137,6
138,1
138,6
139,0
140,0
141,0
141,3
141,6
141,7
141,10
141,11
141,13
142,0
142,1
142,5
142,7
143,1
144,1
144,4
145,3
146,1
147,1
147,3
149,0
150,0
150,1
151,1
152,0
153,0
154,0
154,3
2,2
1,2
156,1
157,1
157,3
159,0
159,1
160,0
160,3
161,3
162,1
163,0
164,0
164,1
165,0
165,3
165,4
166,1
166,3
167,1
167,3
168,1
169,0
169,1
170,0
170,1
171,0
171,3
172,0
172,3
173,0
173,3
174,0
174,3
175,4
176,0
176,2
176,3
176,5
177,4
177,5
177,7
177,8
177,10
177,11
177,18
177,30
177,38
177,45
177,64
177,66
177,68
177,69
177,71
177,72
177,74
177,76
177,77
177,79
177,80
177,82
178,0
178,3
179,1
179,3
180,1
180,3
181,1
182,0
182,1
183,0
183,1
184,0
184,1
185,0
185,3
185,4
186,0
186,1
187,0
187,3
188,0
188,3
189,0
189,3
190,0
190,3
191,1
191,3
192,1
192,3
193,1
194,0
194,1
195,0
195,1
196,0
196,3
197,0
197,3
197,5
198,1
198,3
199,1
200,0
200,1
201,0
201,1
202,0
202,3
203,0
203,3
203,4
204,1
204,3
205,1
205,6
206,0
206,3
206,4
207,0
207,2
207,3
207,5
208,0
208,3
209,0
209,3
210,1
210,3
211,1
211,3
212,1
212,3
212,4
212,6
213,0
213,3
214,0
214,3
214,6
215,0
215,3
215,4
216,1
217,0
217,1
218,0
218,1
219,0
219,3
220,0
220,3
221,0
221,3
222,0
222,3
223,1
223,3
224,1
224,3
225,1
226,0
226,1
227,0
227,1
228,0
228,1
229,0
229,3
230,0
230,3
231,0
231,3
232,1
232,3
233,1
233,2
234,0
234,1
235,0
235,3
236,0
236,3
237,0
237,3
238,1
238,2
239,0
239,1
240,0
240,3
241,0
241,3
242,0
242,3
243,0
243,3
244,1
244,3
245,1
245,3
246,1
247,0
247,1
248,0
248,1
249,0
249,1
249,5
250,1
250,3
251,1
251,3
252,1
253,0
253,1
254,0
254,1
255,0
255,1
255,4
256,1
256,3
257,0
257,1
258,0
258,3
258,4
259,1
259,3
260,1
260,3
261,0
261,3
262,0
262,3
263,0
263,3
264,1
264,3
265,1
265,3
266,1
267,0
267,1
267,6
268,0
268,3
268,5
269,0
269,3
270,0
270,3
270,4
271,1
272,0
272,1
273,0
273,1
274,0
274,1
275,0
275,3
276,0
276,3
277,0
277,3
278,1
278,3
279,0
279,1
279,5
280,0
280,3
281,1
281,2
282,0
282,1
283,0
283,3
283,4
284,1
284,3
285,1
285,3
285,4
286,1
286,3
287,0
287,1
287,3
287,6
287,8
288,1
288,3
289,0
289,2
289,3
290,0
290,1
290,3
290,5
291,0
291,3
291,5
292,0
292,1
293,0
293,2
293,3
294,0
294,1
294,3
294,5
295,0
295,3
296,0
296,2
296,3
297,0
297,2
297,3
298,1
298,3
299,1
299,4
300,0
300,3
301,0
301,2
301,3
302,0
302,2
302,3
302,5
302,8
303,1
303,3
303,4
304,1
304,3
305,0
305,1
306,0
306,2
306,3
307,1
307,3
308,1
308,5
309,0
309,2
309,3
309,7
310,0
310,2
310,5
311,0
311,2
311,3
312,0
312,3
312,4
313,1
313,2
313,5
314,0
314,3
315,1
315,3
316,1
316,3
316,5
317,0
317,1
317,3
318,0
318,3
319,0
319,1
319,3
320,0
320,3
320,5
321,1
321,3
322,0
322,3
323,0
323,3
323,6
324,0
324,3
325,0
325,3
326,0
326,3
327,0
327,1
327,5
327,6
328,0
328,3
329,0
329,3
330,0
330,3
330,4
331,1
331,3
332,0
332,3
332,4
333,1
333,3
334,0
334,3
335,0
335,3
336,0
336,1
336,3
336,4
336,7
337,0
337,2
337,4
338,0
338,3
338,4
339,0
339,2
339,3
339,5
340,0
340,2
340,3
340,6
341,1
341,2
341,5
342,0
342,2
342,4
342,5
343,1
343,3
344,0
344,1
344,3
345,1
345,2
346,0
346,1
346,3
346,5
347,0
347,2
347,3
348,0
348,1
348,3
349,1
349,2
350,0
350,1
350,5
351,1
351,2
351,5
352,0
352,2
352,4
353,0
353,2
353,3
354,1
354,2
354,5
355,1
355,2
356,0
356,1
356,4
357,1
357,3
357,6
358,0
358,2
358,3
359,0
359,3
359,4
360,1
360,2
360,5
361,0
361,1
361,3
361,4
361,7
362,0
362,3
362,6
363,0
363,2
363,3
363,5
364,1
364,3
365,0
365,1
366,0
366,3
366,4
367,1
367,2
368,0
368,1
368,4
369,1
369,3
369,6
370,0
370,2
370,4
370,5
371,1
371,2
371,4
372,0
372,2
372,4
372,5
373,1
373,2
373,4
373,7
374,0
374,3
374,4
375,1
375,3
375,6
376,1
376,2
376,4
376,5
377,1
377,3
377,4
378,1
378,2
379,0
379,1
379,3
380,1
380,2
381,0
381,1
381,3
382,0
382,1
382,3
382,4
383,1
383,3
383,4
384,0
384,1
385,0
385,1
385,4
386,1
386,2
386,4
387,0
387,2
387,4
387,5
388,0
388,1
388,3
388,4
389,1
389,3
389,5
390,1
390,2
390,4
391,1
391,2
391,4
391,5
393,1
393,2
393,4
394,0
394,2
395,1
395,2
396,1
396,3
397,0
397,2
397,3
398,1
398,3
399,0
399,2
399,3
400,1
400,2
401,0
401,2
401,3
402,1
402,2
403,0
403,2
403,3
404,1
404,2
405,0
405,1
405,3
405,5
405,6
406,1
406,2
406,4
407,1
407,2
407,4
407,5
407,7
407,8
407,10
408,0
408,1
408,3
408,4
408,6
409,1
409,2
409,4
409,5
410,0
410,2
410,3
411,0
411,1
411,3
411,4
412,0
412,2
412,3
412,5
412,6
413,1
413,3
413,4
414,0
414,1
414,3
414,4
415,0
415,2
415,3
416,0
416,1
416,3
416,5
417,0
417,2
417,3
418,1
418,2
418,4
418,6
418,7
419,1
419,2
420,0
420,2
420,3
421,1
421,2
421,4
421,5
422,0
422,2
422,3
422,5
422,6
423,1
423,3
423,4
424,1
424,2
424,4
424,6
425,0
425,2
425,3
425,5
426,0
426,2
426,4
426,5
427,1
427,2
427,4
428,0
428,1
428,3
429,0
429,2
429,3
430,0
430,2
430,3
430,5
431,0
431,2
431,4
431,5
431,7
432,0
432,2
432,3
432,5
433,1
433,2
433,4
433,5
434,1
434,3
435,0
435,2
435,3
435,5
436,1
436,2
436,4
437,0
437,2
437,3
437,5
438,1
438,2
438,4
438,5
439,1
439,3
439,4
440,0
440,1
440,3
440,4
441,0
441,2
441,3
441,5
442,0
442,2
442,4
443,0
443,2
443,3
444,0
444,1
444,3
444,5
445,0
445,2
445,3
445,5
446,1
446,2
446,4
446,5
447,1
447,2
447,4
448,1
448,2
449,0
449,1
449,3
449,5
449,6
450,0
450,1
450,3
451,0
451,1
451,3
451,4
452,1
452,2
452,4
453,1
453,2
453,4
454,0
454,2
454,4
454,5
455,1
455,2
455,4
456,0
456,2
456,4
457,0
457,2
457,3
458,0
458,2
458,3
459,0
459,1
459,3
459,4
460,1
460,3
460,4
460,6
460,7
460,9
460,11
461,0
461,2
461,3
465,1
465,3
465,4
135,0
151,3
158,3
159,3
160,1
161,0
136,0
137,3
138,0
146,0
120,3
59,1
117,3
139,3
57,1
58,0
11,1
12,1
14,0
18,3
153,1
20,3
24,1
157,0
93,1
95,0
140,1
142,3
144,3
130,1
22,1
98,3
102,1
104,0
105,3
106,3
103,0
119,1
96,3
97,3
121,0
154,1
155,0
113,1
115,0
112,0
114,1
148,0
26,0
28,3
27,3
38,0
38,3
34,1
33,0
32,1
128,3
30,3
39,1
31,1
83,1
84,0
87,0
90,1
86,0
89,3
91,1
40,0
40,3
36,0
122,3
123,3
125,1
126,1
152,1
72,3
73,1
77,0
77,3
71,0
74,1
81,1
75,0
147,0
134,1
133,1
60,3
62,1
63,1
65,1
67,1
66,3
48,1
49,0
52,0
52,3
53,3
50,0
108,3
111,1
8,1
69,0
70,0
46,1
118,1
44,1
68,1
16,0
107,3
109,1
54,3
51,0
47,1
66,0
64,1
61,3
56,1
149,3
79,3
80,3
76,0
78,3
72,0
55,1
124,1
36,3
41,1
92,1
88,3
87,3
85,0
82,1
35,1
127,0
33,3
37,1
29,3
27,0
148,3
112,3
115,3
156,0
121,3
101,1
96,0
99,3
105,0
100,1
23,3
131,0
143,3
141,1
94,0
15,0
20,0
21,3
13,1
10,1
7,3
116,3
25,0
145,1
137,0
163,3
162,3
158,0
150,3
465,2
465,0
461,1
460,10
460,8
460,5
460,2
460,0
459,2
458,4
458,1
457,4
457,1
456,3
456,1
455,3
455,0
454,3
454,1
453,3
453,0
452,3
452,0
451,2
450,4
450,2
449,7
449,4
449,2
448,3
448,0
447,3
447,0
446,3
446,0
445,4
445,1
444,4
444,2
443,4
443,1
442,3
442,1
441,4
441,1
440,5
440,2
439,5
439,2
439,0
438,3
438,0
437,4
437,1
436,3
436,0
435,4
435,1
434,2
434,0
433,3
433,0
432,4
432,1
431,6
431,3
431,1
430,4
430,1
429,4
429,1
428,2
427,5
427,3
427,0
426,3
426,1
425,4
425,1
424,5
424,3
424,0
423,2
423,0
422,4
422,1
421,6
421,3
421,0
420,1
419,3
419,0
418,5
418,3
418,0
417,1
416,4
416,2
415,4
415,1
414,5
414,2
413,5
413,2
413,0
412,4
412,1
411,5
411,2
410,4
410,1
409,6
409,3
409,0
408,5
408,2
407,11
407,9
407,6
407,3
407,0
406,3
406,0
405,4
405,2
404,3
404,0
403,1
402,3
402,0
401,1
400,3
400,0
399,1
398,2
398,0
397,1
396,2
396,0
394,3
393,6
393,3
393,0
391,3
391,0
390,3
390,0
389,2
389,0
388,2
387,7
387,3
387,1
386,3
386,0
385,3
384,3
383,5
383,2
383,0
382,2
381,4
381,2
380,3
380,0
379,2
378,3
378,0
377,2
377,0
376,3
376,0
375,4
375,0
374,1
373,6
373,3
373,0
372,3
372,1
371,3
371,0
370,3
370,1
369,4
369,0
368,3
367,3
367,0
366,1
365,3
364,4
364,0
363,4
363,1
362,5
362,1
361,6
361,2
360,6
360,3
360,0
359,1
358,5
358,1
357,4
357,0
356,3
355,3
355,0
354,3
354,0
353,1
352,3
352,1
351,3
351,0
350,3
349,3
349,0
348,2
347,5
347,1
346,4
346,2
345,3
345,0
344,2
343,5
343,0
342,3
342,1
341,3
341,0
340,4
340,1
339,4
339,1
338,6
338,1
337,3
337,1
336,6
336,2
335,4
335,1
334,1
333,2
333,0
332,1
331,2
331,0
330,1
329,1
328,1
327,8
327,3
326,4
326,1
325,1
324,1
323,4
323,1
322,1
321,2
321,0
320,1
319,2
318,6
318,1
317,2
316,6
316,4
316,0
315,0
314,1
313,3
313,0
312,1
311,4
311,1
310,3
310,1
309,4
309,1
308,3
308,0
307,0
306,1
305,3
304,4
304,0
303,2
303,0
302,4
302,1
301,4
301,1
300,1
299,3
299,0
298,0
297,1
296,5
296,1
295,1
294,6
294,2
293,6
293,1
292,3
291,6
291,1
290,6
290,2
289,5
289,1
288,5
288,0
287,5
287,2
286,6
286,0
285,2
285,0
284,0
283,1
282,3
281,3
281,0
280,1
279,3
278,5
278,0
277,1
276,1
275,1
274,3
273,3
272,3
271,3
271,0
270,1
269,1
268,6
268,1
267,3
266,3
266,0
265,0
264,0
263,1
262,1
261,1
260,4
260,0
259,0
258,1
257,3
256,4
256,0
255,3
254,3
253,3
252,3
252,0
251,0
250,0
249,3
248,3
247,3
246,3
246,0
245,0
244,0
243,1
242,1
241,1
240,1
239,3
238,3
238,0
237,1
236,1
235,1
234,3
233,3
233,0
232,0
231,1
230,1
229,1
228,3
227,3
226,3
225,3
225,0
224,0
223,0
222,1
221,1
220,1
219,1
218,3
217,3
216,3
216,0
215,1
214,4
214,1
213,1
212,5
212,2
212,0
211,0
210,0
209,1
208,1
207,4
207,1
206,5
206,1
205,3
205,0
204,0
203,1
202,1
201,3
200,3
199,3
199,0
198,0
197,1
196,1
195,3
194,3
193,3
193,0
192,0
191,0
190,1
189,1
188,1
187,1
186,3
185,6
185,1
184,3
183,3
182,3
181,3
181,0
180,0
179,0
178,1
177,81
177,78
177,75
177,73
177,70
177,67
177,65
177,42
177,27
177,14
177,9
177,6
177,2
176,4
176,1
174,4
174,1
173,1
172,1
171,1
170,3
169,3
168,3
168,0
167,0
166,0
165,1
164,3
163,1
162,0
161,1
159,5
158,1
156,3
155,3
155,1
153,3
152,3
151,0
149,1
148,1
146,3
145,0
144,0
143,0
142,4
141,14
141,12
141,8
141,4
140,3
139,1
138,3
137,5
137,1
136,1
134,3
133,0
132,1
131,1
129,10
129,7
